knitr::opts_chunk$set(echo = TRUE)
t_timid = rbind(c(1,0,0,0,0,0,0,0,0),c(.6,0,.4,0,0,0,0,0,0),c(0,.6,0,.4,0,0,0,0,0),c(0,0,.6,0,.4,0,0,0,0),c(0,0,0,.6,0,.4,0,0,0),c(0,0,0,0,.6,0,.4,0,0),c(0,0,0,0,0,.6,0,.4,0),c(0,0,0,0,0,0,.6,0,.4),c(0,0,0,0,0,0,0,0,1))
t_timid
initial_state = cbind(c(0,1,0,0,0,0,0,0,0))
initial_state = cbind(c(0,1,0,0,0,0,0,0,0))
matrix.power(t_timid,5)
View(t_timid)
View(t_timid)
t_timid = matrix(rbind(c(1,0,0,0,0,0,0,0,0),c(.6,0,.4,0,0,0,0,0,0),c(0,.6,0,.4,0,0,0,0,0),c(0,0,.6,0,.4,0,0,0,0),c(0,0,0,.6,0,.4,0,0,0),c(0,0,0,0,.6,0,.4,0,0),c(0,0,0,0,0,.6,0,.4,0),c(0,0,0,0,0,0,.6,0,.4),c(0,0,0,0,0,0,0,0,1)))
t_timid
t_timid = rbind(c(1,0,0,0,0,0,0,0,0),c(.6,0,.4,0,0,0,0,0,0),c(0,.6,0,.4,0,0,0,0,0),c(0,0,.6,0,.4,0,0,0,0),c(0,0,0,.6,0,.4,0,0,0),c(0,0,0,0,.6,0,.4,0,0),c(0,0,0,0,0,.6,0,.4,0),c(0,0,0,0,0,0,.6,0,.4),c(0,0,0,0,0,0,0,0,1))
t_timid
t_timid = rbind(c(1,0,0,0,0,0,0,0,0),c(.6,0,.4,0,0,0,0,0,0),c(0,.6,0,.4,0,0,0,0,0),c(0,0,.6,0,.4,0,0,0,0),c(0,0,0,.6,0,.4,0,0,0),c(0,0,0,0,.6,0,.4,0,0),c(0,0,0,0,0,.6,0,.4,0),c(0,0,0,0,0,0,.6,0,.4),c(0,0,0,0,0,0,0,0,1))
print(class(t_timid))
t_timid
t_timid = rbind(c(1,0,0,0,0,0,0,0,0),c(.6,0,.4,0,0,0,0,0,0),c(0,.6,0,.4,0,0,0,0,0),c(0,0,.6,0,.4,0,0,0,0),c(0,0,0,.6,0,.4,0,0,0),c(0,0,0,0,.6,0,.4,0,0),c(0,0,0,0,0,.6,0,.4,0),c(0,0,0,0,0,0,.6,0,.4),c(0,0,0,0,0,0,0,0,1))
t_timid
library(Matrix)
power <- function(m, k) {
r <- m
for (i in 2:k) {
r <- r %*% m
}
return(r)
}
t_timid_100 <- power(t_timid,100)
t_timid_100
t_timid_100 <- power(t_timid,1000)
t_timid_100
t_timid_100 <- power(t_timid,10000)
t_timid_100
t_bold = rbind(c(1,0,0,0,0,0,0,0,0),c(.6,0,.4,0,0,0,0,0,0),c(.6,0,0,0,.4,0,0,0,0),c(.6,0,0,0,0,0,.4,0,0),c(0,0,0,.6,0,.4,0,0,0),c(0,0,0,0,.6,0,.4,0,0),c(0,0,0,0,0,.6,0,.4,0),c(0,0,0,0,0,0,.6,0,.4),c(0,0,0,0,0,0,0,0,1))
t_bold
t_bold = rbind(c(1,0,0,0,0,0,0,0,0),c(.6,0,.4,0,0,0,0,0,0),c(.6,0,0,0,.4,0,0,0,0),c(.6,0,0,0,0,0,.4,0,0),c(.6,0,0,0,0,0,0,0,.4),c(0,0,.6,0,0,0,0,0,.4),c(0,0,0,0,.6,0,0,0,.4),c(0,0,0,0,0,0,.6,0,.4),c(0,0,0,0,0,0,0,0,1))
t_bold
.4 ^ 3
.4 ^ 7
.6*.4
t_bold_10000 <- power(t_bold,10000)
t_bold_10000
t_bold_3 <- power(t_bold, 3)
t_bold_3
